what year was windows xp released on  class twelvemonth yr along
	2010-19-087 2
	2010-86-006 2
	2010-25-028 2
	2010-98-009 2
	2010-06-068 2
	2010-00-010 2
	2010-42-090 1
	2010-26-069 1
	2010-29-026 1
	2010-68-079 2
	2010-84-007 1
	2010-20-013 0
	2010-94-028 2
	2010-79-051 1
	2010-82-056 1
	2010-91-007 0
	2010-07-095 1
	2010-51-096 1
	2010-69-050 1
	2010-66-014 2
	2010-06-043 1
	2010-63-050 1
	2010-90-036 2
	2010-76-019 1
	2010-57-003 1
	2010-12-030 1
	2010-38-030 1
	2010-43-077 1
	2010-18-019 1
	2010-52-008 1
	2010-65-021 1
	2010-25-059 1
	2010-51-024 1
	2010-73-023 1
	2010-72-021 1
	2010-13-026 1
	2010-48-076 1
	2010-72-007 1
	2010-85-062 1
	2010-92-022 1
	2010-04-076 1
	2010-01-068 1
	2010-21-076 1
	2010-60-055 0
	2010-79-037 2
	2010-29-035 1
	2010-55-094 2
	2010-86-027 2
	2010-96-072 1
	2010-37-018 2
	2010-17-063 1
	2010-60-004 1
	2010-50-055 1
	2010-03-003 1
	2010-16-106 1
	2010-33-051 1
	2010-70-003
	2010-41-065 1
	2010-11-063 1
	2010-49-020 0
	2010-23-061 2
	2010-27-016 1
	2010-72-083 1
	2010-55-070 1
	2010-15-083 1
	2010-02-014 2
	2010-29-070
	2010-69-003 1
	2010-10-061 1
	2010-40-062 1
	2010-27-036 1
	2010-81-012
	2010-31-014 2
	2010-27-074 1
	2010-19-081 1
	2010-72-023 1
	2010-47-011
	2010-25-057 1
	2010-83-071 1
	2010-34-030 1
	2010-83-077
	2010-40-078 2
	2010-80-104
	2010-36-033
	2010-50-084
	2010-94-088 0
	2010-75-042 1
	2010-51-067
	2010-42-071
	2010-36-000
	2010-33-074
	2010-64-085
	2010-58-027 2
	2010-76-031 1
	2010-89-032
	2010-13-009
	2010-98-015
	2010-44-041
	2010-89-028 0
	2010-55-100
		Recall R@5	0,0641
		Precision P@5	1,0000
		F-valor 5	0,1205
		Recall R@10	0,1282
		Precision P@10	1,0000
		F-valor 10	0,2273
		ReciprocalRank rel 1	 0,0122
		ReciprocalRank rel 2	 0,0122
		AveragePrecision AP@100	1,7924
		nDCG	[1,0000, 1,0000, 1,0000, 1,0000, 1,0000, 1,0000, 0,9586, 0,9257, 0,8986, 0,9044, 0,8833, 0,8410, 0,8480, 0,8336, 0,8207, 0,7908, 0,7808, 0,7716, 0,7632, 0,7702, 0,7735, 0,7767, 0,7933, 0,7960, 0,7986, 0,8012, 0,8036, 0,8059, 0,8082, 0,8104, 0,8125, 0,8146, 0,8166, 0,8185, 0,8204, 0,8223, 0,8240, 0,8258, 0,8275, 0,8291, 0,8307, 0,8323, 0,8338, 0,8263, 0,8367, 0,8381, 0,8481, 0,8578, 0,8590, 0,8684, 0,8695, 0,8705, 0,8715, 0,8725, 0,8735, 0,8745, 0,8679, 0,8689, 0,8698, 0,8635, 0,8717, 0,8726, 0,8735, 0,8744, 0,8752, 0,8829, 0,8770, 0,8778, 0,8786, 0,8794, 0,8802, 0,8745, 0,8817, 0,8824, 0,8831, 0,8839, 0,8785, 0,8792, 0,8852, 0,8913, 0,8913, 0,9033, 0,9033, 0,9033, 0,9033, 0,9033, 0,9092, 0,9092, 0,9092, 0,9092, 0,9092, 0,9092, 0,9209, 0,9267, 0,9267, 0,9267, 0,9267, 0,9267, 0,9267, 0,9267]
