who is the head of apple 
	2010-97-057 0
	2010-45-061 0
	2010-07-038 0
	2010-01-106 0
	2010-15-067 0
	2010-33-020 0
	2010-19-102 2
	2010-10-110 2
	2010-85-050 0
	2010-00-065 0
	2010-14-066 0
	2010-93-089 0
	2010-84-033 1
	2010-78-013 0
	2010-62-000 0
	2010-51-060 2
	2010-33-070 0
	2010-89-018 0
	2010-16-004 2
	2010-91-078 2
	2010-52-029 1
	2010-17-057 0
	2010-11-044 0
	2010-34-032 0
	2010-11-042 0
	2010-95-053 2
	2010-42-088 2
	2010-62-024 1
	2010-04-085 0
	2010-81-010 1
	2010-32-057 0
	2010-04-044 1
	2010-67-003
	2010-30-097 0
	2010-59-068 1
	2010-42-060 2
	2010-56-078 0
	2010-52-053 2
	2010-56-065 0
	2010-59-095 0
	2010-89-089 0
	2010-31-066 2
	2010-11-001 2
	2010-17-019 0
	2010-99-024
	2010-06-005 1
	2010-92-033 2
	2010-02-077 0
	2010-02-094 0
	2010-82-035 0
	2010-17-094
	2010-35-071 0
	2010-76-009 2
	2010-16-074 0
	2010-76-061 0
	2010-14-008 0
	2010-03-081 1
	2010-46-049 0
	2010-88-006 1
	2010-10-036 0
	2010-64-041 0
	2010-22-105 0
	2010-69-044 2
	2010-19-090 0
	2010-58-055 0
	2010-00-040
	2010-93-043 0
	2010-87-102 0
	2010-28-036 2
	2010-77-022 0
	2010-94-026 0
	2010-48-098 0
	2010-90-003 1
	2010-27-040
	2010-98-038
	2010-30-053
	2010-47-006
	2010-26-063 0
	2010-31-073
	2010-56-028
	2010-48-054 0
	2010-06-009 0
	2010-39-015 0
	2010-10-009
	2010-36-073
	2010-23-088
	2010-38-005
	2010-50-043 0
	2010-88-009
	2010-98-072 0
	2010-08-043
	2010-29-025
	2010-34-027 0
	2010-22-069
	2010-14-014 2
	2010-70-003
	2010-16-076 2
	2010-74-069
	2010-89-032
	2010-06-063
		Recall R@5	0,0000
		Precision P@5	0,0000
		F-valor 5	?
		Recall R@10	0,0741
		Precision P@10	0,2000
		F-valor 10	0,1081
		ReciprocalRank rel 1	 0,0105
		ReciprocalRank rel 2	 0,0105
		AveragePrecision AP@100	0,1368
		nDCG	[0,0000, 0,0000, 0,0000, 0,0000, 0,0000, 0,0000, 0,0827, 0,1487, 0,1392, 0,1312, 0,1244, 0,1184, 0,1354, 0,1298, 0,1247, 0,1566, 0,1512, 0,1487, 0,1784, 0,2066, 0,2186, 0,2154, 0,2123, 0,2094, 0,2066, 0,2301, 0,2527, 0,2654, 0,2654, 0,2778, 0,2778, 0,2899, 0,2899, 0,2899, 0,3018, 0,3253, 0,3253, 0,3485, 0,3485, 0,3485, 0,3485, 0,3710, 0,3934, 0,3934, 0,3934, 0,4044, 0,4263, 0,4263, 0,4263, 0,4263, 0,4263, 0,4263, 0,4475, 0,4475, 0,4475, 0,4475, 0,4580, 0,4580, 0,4683, 0,4683, 0,4683, 0,4683, 0,4886, 0,4886, 0,4886, 0,4886, 0,4886, 0,4886, 0,5085, 0,5085, 0,5085, 0,5085, 0,5184, 0,5184, 0,5184, 0,5184, 0,5184, 0,5184, 0,5184, 0,5184, 0,5184, 0,5184, 0,5184, 0,5184, 0,5184, 0,5184, 0,5184, 0,5184, 0,5184, 0,5184, 0,5184, 0,5184, 0,5184, 0,5184, 0,5369, 0,5369, 0,5553, 0,5553, 0,5553, 0,5553]
