what year was windows xp released on 
	2010-00-010 2
	2010-19-087 2
	2010-86-006 2
	2010-68-079 2
	2010-25-028 2
	2010-98-009 2
	2010-63-050 1
	2010-06-068 2
	2010-57-003 1
	2010-42-090 1
	2010-26-069 1
	2010-29-026 1
	2010-79-037 2
	2010-84-007 1
	2010-20-013 0
	2010-94-028 2
	2010-79-051 1
	2010-82-056 1
	2010-91-007 0
	2010-07-095 1
	2010-52-008 1
	2010-51-096 1
	2010-69-050 1
	2010-66-014 2
	2010-72-007 1
	2010-01-068 1
	2010-06-043 1
	2010-21-076 1
	2010-16-106 1
	2010-90-036 2
	2010-76-019 1
	2010-12-030 1
	2010-38-030 1
	2010-43-077 1
	2010-18-019 1
	2010-60-055 0
	2010-37-018 2
	2010-65-021 1
	2010-25-059 1
	2010-51-024 1
	2010-73-023 1
	2010-72-021 1
	2010-13-026 1
	2010-48-076 1
	2010-85-062 1
	2010-92-022 1
	2010-04-076 1
	2010-02-014 2
	2010-29-035 1
	2010-55-094 2
	2010-86-027 2
	2010-96-072 1
	2010-17-063 1
	2010-60-004 1
	2010-50-055 1
	2010-03-003 1
	2010-33-051 1
	2010-41-065 1
	2010-11-063 1
	2010-86-016 1
	2010-49-020 0
	2010-10-061 1
	2010-23-061 2
	2010-27-016 1
	2010-72-083 1
	2010-55-070 1
	2010-27-074 1
	2010-72-023 1
	2010-15-083 1
	2010-40-078 2
	2010-29-070
	2010-69-003 1
	2010-40-062 1
	2010-27-036 1
	2010-83-077
	2010-81-012
	2010-31-014 2
	2010-19-081 1
	2010-47-011
	2010-25-057 1
	2010-94-088 0
	2010-83-071 1
	2010-34-030 1
	2010-80-104
	2010-50-084
	2010-76-031 1
	2010-75-042 1
	2010-89-028 0
	2010-98-015
	2010-51-067
	2010-42-071
	2010-33-074
	2010-04-059
	2010-83-076
	2010-58-027 2
	2010-16-034 0
	2010-89-032
	2010-13-009
	2010-91-042
	2010-44-041
		Recall R@5	0,0641
		Precision P@5	1,0000
		F-valor 5	0,1205
		Recall R@10	0,1282
		Precision P@10	1,0000
		F-valor 10	0,2273
		ReciprocalRank rel 1	 0,0143
		ReciprocalRank rel 2	 0,0143
		AveragePrecision AP@100	2,0392
		nDCG	[1,0000, 1,0000, 1,0000, 1,0000, 1,0000, 1,0000, 0,9586, 0,9616, 0,9322, 0,9074, 0,8862, 0,8677, 0,8736, 0,8581, 0,8249, 0,8313, 0,8199, 0,8094, 0,7843, 0,7759, 0,7791, 0,7822, 0,7851, 0,8012, 0,8037, 0,8062, 0,8086, 0,8109, 0,8131, 0,8267, 0,8286, 0,8305, 0,8324, 0,8341, 0,8359, 0,8273, 0,8391, 0,8407, 0,8422, 0,8437, 0,8452, 0,8466, 0,8480, 0,8494, 0,8507, 0,8520, 0,8533, 0,8630, 0,8641, 0,8734, 0,8826, 0,8835, 0,8845, 0,8854, 0,8862, 0,8871, 0,8880, 0,8888, 0,8896, 0,8904, 0,8840, 0,8848, 0,8927, 0,8934, 0,8942, 0,8949, 0,8956, 0,8963, 0,8970, 0,9042, 0,8983, 0,8990, 0,8996, 0,9003, 0,8947, 0,8891, 0,8959, 0,8966, 0,8966, 0,9026, 0,9026, 0,9086, 0,9146, 0,9146, 0,9146, 0,9205, 0,9264, 0,9264, 0,9264, 0,9264, 0,9264, 0,9264, 0,9264, 0,9264, 0,9381, 0,9381, 0,9381, 0,9381, 0,9381, 0,9381]
