what free software is available for windows to convert mp3 files to wav 
	2010-89-016 1
	2010-66-007 1
	2010-78-062 2
	2010-01-051 1
	2010-38-053 1
	2010-93-021 1
	2010-09-038 1
	2010-29-052 1
	2010-40-019 1
	2010-94-079 1
	2010-79-096 1
	2010-12-055 1
	2010-64-020 1
	2010-29-011 1
	2010-79-082 1
	2010-01-037 1
	2010-41-063 1
	2010-27-079 1
	2010-09-053 2
	2010-14-062 1
	2010-87-031 0
	2010-31-021 1
	2010-96-065 1
	2010-36-016 1
	2010-90-070 1
	2010-49-052 1
	2010-53-062 1
	2010-65-027 1
	2010-11-055 1
	2010-34-051 1
	2010-90-037 1
	2010-87-005 1
	2010-10-099 1
	2010-32-018 1
	2010-23-019 1
	2010-84-004 1
	2010-21-070 1
	2010-64-081 1
	2010-21-093 1
	2010-31-038 1
	2010-03-080 1
	2010-28-034 1
	2010-44-020 1
	2010-96-037 1
	2010-67-064 1
	2010-44-085 1
	2010-28-052 1
	2010-46-012 1
	2010-68-071 1
	2010-47-000 1
	2010-12-090 1
	2010-37-007 1
	2010-07-110 1
	2010-63-097 1
	2010-72-035 1
	2010-70-029
	2010-88-080 1
	2010-12-029 1
	2010-95-000 1
	2010-77-081 1
	2010-16-087 1
	2010-23-030 0
	2010-54-054
	2010-92-058 1
	2010-94-011 1
	2010-62-074 1
	2010-48-045 1
	2010-26-056 2
	2010-36-024 1
	2010-38-066 -1
	2010-90-010 1
	2010-60-047 1
	2010-50-004 1
	2010-13-039 1
	2010-18-078 2
	2010-95-092 2
	2010-19-077
	2010-13-063 2
	2010-40-093 1
	2010-03-051 1
	2010-34-067 1
	2010-02-014
	2010-36-087 1
	2010-38-030
	2010-99-067 1
	2010-04-072
	2010-84-007
	2010-06-068
	2010-68-079
	2010-96-081 1
	2010-29-070
	2010-19-022 1
	2010-51-043 1
	2010-19-087
	2010-86-006
	2010-26-069
	2010-94-028
	2010-82-056
	2010-09-041
	2010-88-067
		Recall R@5	0,0575
		Precision P@5	1,0000
		F-valor 5	0,1087
		Recall R@10	0,1149
		Precision P@10	1,0000
		F-valor 10	0,2062
		ReciprocalRank rel 1	 0,0185
		ReciprocalRank rel 2	 0,0526
		AveragePrecision AP@100	1,9020
		nDCG	[0,5000, 0,5000, 0,6199, 0,6008, 0,5886, 0,5799, 0,5980, 0,6136, 0,6273, 0,6395, 0,6505, 0,6605, 0,6696, 0,6780, 0,6858, 0,6931, 0,6999, 0,7063, 0,7327, 0,7379, 0,7239, 0,7290, 0,7338, 0,7384, 0,7428, 0,7470, 0,7510, 0,7548, 0,7585, 0,7620, 0,7654, 0,7687, 0,7719, 0,7749, 0,7779, 0,7807, 0,7835, 0,7861, 0,7887, 0,7912, 0,7936, 0,7960, 0,7983, 0,8005, 0,8027, 0,8048, 0,8068, 0,8088, 0,8108, 0,8127, 0,8145, 0,8163, 0,8181, 0,8198, 0,8215, 0,8139, 0,8156, 0,8173, 0,8189, 0,8205, 0,8220, 0,8150, 0,8082, 0,8098, 0,8113, 0,8129, 0,8144, 0,8238, 0,8251, 0,8110, 0,8125, 0,8139, 0,8153, 0,8166, 0,8253, 0,8339, 0,8279, 0,8362, 0,8374, 0,8385, 0,8396, 0,8339, 0,8350, 0,8294, 0,8305, 0,8250, 0,8197, 0,8197, 0,8197, 0,8261, 0,8261, 0,8326, 0,8390, 0,8390, 0,8390, 0,8390, 0,8390, 0,8390, 0,8390, 0,8444]
