who won the first acm gerard salton prize 
	2010-44-082 2
	2010-99-086 2
	2010-67-079 2
	2010-09-017 1
	2010-77-054 1
	2010-65-043 1
	2010-99-058 2
	2010-91-001 1
	2010-28-090 0
	2010-44-044 2
	2010-67-085 1
	2010-22-005 2
	2010-35-083 1
	2010-62-044 0
	2010-88-103 0
	2010-38-072 2
	2010-87-108 1
	2010-55-080 1
	2010-96-052 1
	2010-99-040 2
	2010-31-022 1
	2010-19-101
	2010-70-064 2
	2010-86-028 0
	2010-49-047 1
	2010-58-087 2
	2010-44-087 1
	2010-13-008 0
	2010-85-015 1
	2010-95-069 1
	2010-54-034 0
	2010-98-029 0
	2010-58-052 2
	2010-87-065 1
	2010-01-009 0
	2010-82-052 1
	2010-32-009 1
	2010-11-029
	2010-49-073 0
	2010-02-061 1
	2010-31-062 1
	2010-66-088 1
	2010-92-043
	2010-70-029
	2010-61-003 0
	2010-07-087
	2010-42-100 1
	2010-79-054 1
	2010-63-043 1
	2010-73-096 1
	2010-84-003 2
	2010-69-006 1
	2010-03-009
	2010-12-011 1
	2010-77-043 0
	2010-68-003 1
	2010-96-080 0
	2010-24-039 1
	2010-30-049 0
	2010-03-048
	2010-79-031 0
	2010-56-088
	2010-01-066 1
	2010-93-089
	2010-86-001
	2010-33-028 0
	2010-02-029 1
	2010-88-055 1
	2010-59-091
	2010-90-042 1
	2010-26-031
	2010-49-038
	2010-59-095
	2010-78-020
	2010-25-003 0
	2010-74-063 1
	2010-05-020 0
	2010-46-033
	2010-12-087 1
	2010-22-084 1
	2010-34-077
	2010-11-001
	2010-84-033
	2010-38-062 1
	2010-47-075 0
	2010-52-015 1
	2010-66-031 1
	2010-82-057 1
	2010-40-010
	2010-84-011
	2010-00-040
	2010-32-075
	2010-01-021
	2010-03-019
	2010-03-041
	2010-88-006
	2010-96-017
	2010-13-029 0
	2010-27-016
	2010-16-062
		Recall R@5	0,0806
		Precision P@5	1,0000
		F-valor 5	0,1493
		Recall R@10	0,1452
		Precision P@10	0,9000
		F-valor 10	0,2500
		ReciprocalRank rel 1	 0,0833
		ReciprocalRank rel 2	 0,0833
		AveragePrecision AP@100	1,1993
		nDCG	[1,0000, 1,0000, 1,0000, 0,9202, 0,8693, 0,8332, 0,8470, 0,8220, 0,7697, 0,7829, 0,7681, 0,7792, 0,7842, 0,7673, 0,7515, 0,7761, 0,7804, 0,7844, 0,7882, 0,8087, 0,8119, 0,7989, 0,8175, 0,8052, 0,8081, 0,8250, 0,8275, 0,8163, 0,8187, 0,8210, 0,8107, 0,8006, 0,8152, 0,8173, 0,8078, 0,8100, 0,8122, 0,8032, 0,7946, 0,7968, 0,7989, 0,8009, 0,7929, 0,7850, 0,7773, 0,7699, 0,7720, 0,7742, 0,7762, 0,7783, 0,7892, 0,7910, 0,7842, 0,7860, 0,7794, 0,7812, 0,7748, 0,7766, 0,7703, 0,7642, 0,7582, 0,7523, 0,7600, 0,7600, 0,7600, 0,7600, 0,7677, 0,7753, 0,7753, 0,7828, 0,7828, 0,7828, 0,7828, 0,7828, 0,7828, 0,7902, 0,7902, 0,7902, 0,7976, 0,8049, 0,8049, 0,8049, 0,8049, 0,8121, 0,8121, 0,8193, 0,8265, 0,8337, 0,8337, 0,8337, 0,8337, 0,8337, 0,8337, 0,8337, 0,8337, 0,8337, 0,8337, 0,8337, 0,8337, 0,8337]
