what year was facebook founded on 
	2010-78-019 1
	2010-40-011 0
	2010-42-071 2
	2010-30-086 1
	2010-78-020 2
	2010-88-051 0
	2010-00-022 0
	2010-58-092 2
	2010-22-075 0
	2010-30-061 0
	2010-34-077 0
	2010-32-022 2
	2010-27-090 1
	2010-65-057 0
	2010-55-079 2
	2010-53-055 1
	2010-86-080 0
	2010-48-088 2
	2010-18-014 2
	2010-40-034
	2010-85-026 0
	2010-17-067 2
	2010-19-047 1
	2010-44-041 2
	2010-20-052 2
	2010-50-082 2
	2010-41-099 2
	2010-95-063 2
	2010-61-023 0
	2010-30-088 2
	2010-41-010 2
	2010-04-028 0
	2010-14-015 0
	2010-15-064 2
	2010-30-063 0
	2010-24-057 2
	2010-84-031 2
	2010-59-071 2
	2010-46-097 1
	2010-03-019 0
	2010-51-027 0
	2010-24-088 1
	2010-18-080 2
	2010-51-067 0
	2010-10-008 2
	2010-21-046 1
	2010-58-071 2
	2010-96-053 2
	2010-24-055 0
	2010-55-037 2
	2010-64-037 1
	2010-67-008 1
	2010-84-011 0
	2010-36-082 2
	2010-60-043 0
	2010-33-077 0
	2010-50-074 2
	2010-61-011 0
	2010-96-041 0
	2010-06-087 1
	2010-75-038 0
	2010-85-029 1
	2010-64-013 0
	2010-86-034 0
	2010-82-099 0
	2010-92-069 2
	2010-79-027 1
	2010-09-084
	2010-94-036 0
	2010-60-042 2
	2010-85-093 2
	2010-94-028
	2010-33-064 2
	2010-41-035 2
	2010-69-080 0
	2010-52-100 1
	2010-89-028
	2010-89-032
	2010-73-008 0
	2010-98-007 0
	2010-95-046 0
	2010-47-032 0
	2010-36-081 1
	2010-91-022 0
	2010-09-036
	2010-16-071 1
	2010-86-027
	2010-35-006
	2010-21-053 0
	2010-96-072
	2010-68-093
	2010-93-032 0
	2010-87-086
	2010-58-061
	2010-17-063
	2010-31-014
	2010-56-088
	2010-23-027 0
	2010-58-030
	2010-89-080
		Recall R@5	0,0800
		Precision P@5	0,8000
		F-valor 5	0,1455
		Recall R@10	0,1000
		Precision P@10	0,5000
		F-valor 10	0,1667
		ReciprocalRank rel 1	 1,0000
		ReciprocalRank rel 2	 0,3333
		AveragePrecision AP@100	0,5135
		nDCG	[0,5000, 0,2500, 0,4299, 0,4411, 0,5086, 0,4588, 0,4208, 0,4625, 0,4330, 0,4082, 0,3869, 0,4163, 0,4200, 0,4027, 0,4258, 0,4285, 0,4137, 0,4329, 0,4505, 0,4371, 0,4248, 0,4404, 0,4419, 0,4559, 0,4690, 0,4814, 0,4931, 0,5041, 0,4935, 0,5039, 0,5137, 0,5038, 0,4943, 0,5036, 0,4991, 0,5123, 0,5252, 0,5378, 0,5417, 0,5372, 0,5329, 0,5366, 0,5482, 0,5439, 0,5552, 0,5586, 0,5694, 0,5800, 0,5758, 0,5861, 0,5933, 0,6005, 0,6005, 0,6147, 0,6147, 0,6147, 0,6287, 0,6287, 0,6287, 0,6356, 0,6356, 0,6424, 0,6424, 0,6424, 0,6424, 0,6560, 0,6627, 0,6627, 0,6627, 0,6760, 0,6893, 0,6893, 0,7025, 0,7157, 0,7157, 0,7222, 0,7222, 0,7222, 0,7222, 0,7222, 0,7222, 0,7222, 0,7286, 0,7286, 0,7286, 0,7350, 0,7350, 0,7350, 0,7350, 0,7350, 0,7350, 0,7350, 0,7350, 0,7350, 0,7350, 0,7350, 0,7350, 0,7350, 0,7350, 0,7350]
