what year was facebook founded on  class twelvemonth yr along
	2010-78-019 1
	2010-42-071 2
	2010-48-088 2
	2010-78-020 2
	2010-19-047 1
	2010-58-092 2
	2010-85-026 0
	2010-40-011 0
	2010-32-022 2
	2010-65-057 0
	2010-18-014 2
	2010-41-010 2
	2010-30-086 1
	2010-53-055 1
	2010-00-022 0
	2010-51-027 0
	2010-50-082 2
	2010-86-080 0
	2010-30-061 0
	2010-24-088 1
	2010-88-051 0
	2010-17-045
	2010-41-099 2
	2010-10-008 2
	2010-20-052 2
	2010-34-077 0
	2010-96-053 2
	2010-44-041 2
	2010-24-057 2
	2010-21-046 1
	2010-22-075 0
	2010-46-097 1
	2010-55-079 2
	2010-95-063 2
	2010-04-028 0
	2010-14-015 0
	2010-15-064 2
	2010-30-063 0
	2010-40-034
	2010-50-074 2
	2010-70-003
	2010-27-090 1
	2010-03-019 0
	2010-18-080 2
	2010-30-088 2
	2010-55-037 2
	2010-17-067 2
	2010-59-071 2
	2010-25-006
	2010-24-055 0
	2010-67-008 1
	2010-64-037 1
	2010-61-023 0
	2010-84-031 2
	2010-60-043 0
	2010-86-034 0
	2010-33-077 0
	2010-36-082 2
	2010-85-029 1
	2010-64-013 0
	2010-92-069 2
	2010-51-067 0
	2010-36-000
	2010-79-027 1
	2010-36-033
	2010-09-084
	2010-94-036 0
	2010-06-087 1
	2010-85-093 2
	2010-60-042 2
	2010-94-028
	2010-33-064 2
	2010-69-080 0
	2010-80-061
	2010-52-100 1
	2010-92-057
	2010-64-085
	2010-63-059
	2010-16-071 1
	2010-47-032 0
	2010-58-071 2
	2010-09-036
	2010-95-046 0
	2010-86-027
	2010-79-048
	2010-41-035 2
	2010-75-038 0
	2010-36-081 1
	2010-96-041 0
	2010-58-061
	2010-83-052
	2010-89-032
	2010-35-006
	2010-23-027 0
	2010-17-063
	2010-51-079 0
	2010-13-066
	2010-51-024
	2010-01-019 2
	2010-87-086
		Recall R@5	0,1000
		Precision P@5	1,0000
		F-valor 5	0,1818
		Recall R@10	0,1400
		Precision P@10	0,7000
		F-valor 10	0,2333
		ReciprocalRank rel 1	 1,0000
		ReciprocalRank rel 2	 0,5000
		AveragePrecision AP@100	0,6918
		nDCG	[0,5000, 0,7500, 0,8100, 0,8403, 0,7992, 0,8188, 0,7511, 0,6971, 0,7164, 0,6753, 0,6923, 0,7070, 0,6978, 0,6897, 0,6630, 0,6388, 0,6512, 0,6300, 0,6104, 0,6071, 0,5900, 0,5739, 0,5850, 0,5954, 0,6052, 0,5911, 0,6003, 0,6090, 0,6173, 0,6149, 0,6027, 0,6007, 0,6082, 0,6153, 0,6098, 0,6044, 0,6165, 0,6113, 0,6061, 0,6177, 0,6126, 0,6158, 0,6109, 0,6217, 0,6324, 0,6428, 0,6530, 0,6630, 0,6581, 0,6534, 0,6606, 0,6678, 0,6678, 0,6820, 0,6820, 0,6820, 0,6820, 0,6959, 0,7028, 0,7028, 0,7166, 0,7166, 0,7166, 0,7234, 0,7234, 0,7234, 0,7234, 0,7301, 0,7435, 0,7568, 0,7568, 0,7701, 0,7701, 0,7701, 0,7766, 0,7766, 0,7766, 0,7766, 0,7831, 0,7831, 0,7960, 0,7960, 0,7960, 0,7960, 0,7960, 0,8087, 0,8087, 0,8151, 0,8151, 0,8151, 0,8151, 0,8151, 0,8151, 0,8151, 0,8151, 0,8151, 0,8151, 0,8151, 0,8274, 0,8274]
