what free software is available for windows to convert mp3 files to wav 
	2010-89-016 1
	2010-78-062 2
	2010-01-051 1
	2010-40-019 1
	2010-93-021 1
	2010-27-079 1
	2010-79-082 1
	2010-66-007 1
	2010-38-053 1
	2010-64-020 1
	2010-29-052 1
	2010-09-038 1
	2010-09-053 2
	2010-94-079 1
	2010-31-021 1
	2010-79-096 1
	2010-96-065 1
	2010-01-037 1
	2010-41-063 1
	2010-14-062 1
	2010-29-011 1
	2010-12-055 1
	2010-36-016 1
	2010-87-031 0
	2010-11-055 1
	2010-44-020 1
	2010-90-070 1
	2010-21-093 1
	2010-90-037 1
	2010-32-018 1
	2010-10-099 1
	2010-64-081 1
	2010-46-012 1
	2010-31-038 1
	2010-49-052 1
	2010-53-062 1
	2010-65-027 1
	2010-38-066 -1
	2010-21-070 1
	2010-84-004 1
	2010-34-051 1
	2010-23-019 1
	2010-87-005 1
	2010-03-080 1
	2010-48-045 1
	2010-28-052 1
	2010-96-037 1
	2010-60-047 1
	2010-26-056 2
	2010-28-034 1
	2010-23-030 0
	2010-67-064 1
	2010-47-000 1
	2010-70-029
	2010-68-071 1
	2010-07-110 1
	2010-44-085 1
	2010-72-035 1
	2010-50-004 1
	2010-95-000 1
	2010-63-097 1
	2010-92-058 1
	2010-88-080 1
	2010-77-081 1
	2010-12-090 1
	2010-36-024 1
	2010-12-029 1
	2010-37-007 1
	2010-96-081 1
	2010-16-087 1
	2010-62-074 1
	2010-34-067 1
	2010-90-010 1
	2010-95-092 2
	2010-13-063 2
	2010-94-011 1
	2010-51-043 1
	2010-18-078 2
	2010-13-039 1
	2010-54-054
	2010-03-051 1
	2010-19-077
	2010-48-029 1
	2010-40-093 1
	2010-36-087 1
	2010-99-067 1
	2010-19-022 1
	2010-02-014
	2010-38-030
	2010-84-007
	2010-06-068
	2010-68-079
	2010-04-072
	2010-29-070
	2010-19-087
	2010-86-006
	2010-26-069
	2010-95-058 1
	2010-82-056
	2010-73-035 1
		Recall R@5	0,0575
		Precision P@5	1,0000
		F-valor 5	0,1087
		Recall R@10	0,1149
		Precision P@10	1,0000
		F-valor 10	0,2062
		ReciprocalRank rel 1	 0,0164
		ReciprocalRank rel 2	 0,0769
		AveragePrecision AP@100	1,9247
		nDCG	[0,5000, 0,7500, 0,6900, 0,6597, 0,6404, 0,6266, 0,6427, 0,6566, 0,6688, 0,6796, 0,6894, 0,6982, 0,7333, 0,7401, 0,7464, 0,7522, 0,7577, 0,7629, 0,7677, 0,7723, 0,7766, 0,7807, 0,7846, 0,7711, 0,7749, 0,7786, 0,7821, 0,7854, 0,7887, 0,7918, 0,7947, 0,7976, 0,8004, 0,8030, 0,8056, 0,8081, 0,8105, 0,7882, 0,7908, 0,7933, 0,7957, 0,7980, 0,8003, 0,8025, 0,8046, 0,8067, 0,8087, 0,8107, 0,8228, 0,8246, 0,8165, 0,8182, 0,8200, 0,8122, 0,8140, 0,8157, 0,8174, 0,8190, 0,8206, 0,8222, 0,8237, 0,8252, 0,8267, 0,8281, 0,8295, 0,8309, 0,8323, 0,8336, 0,8349, 0,8362, 0,8374, 0,8387, 0,8399, 0,8485, 0,8569, 0,8580, 0,8590, 0,8671, 0,8681, 0,8620, 0,8630, 0,8570, 0,8580, 0,8590, 0,8599, 0,8608, 0,8617, 0,8617, 0,8617, 0,8617, 0,8617, 0,8617, 0,8617, 0,8617, 0,8617, 0,8617, 0,8617, 0,8681, 0,8681, 0,8800]
