what year was facebook founded on 
	2010-78-019 1
	2010-42-071 2
	2010-30-086 1
	2010-18-014 2
	2010-48-088 2
	2010-40-011 0
	2010-00-022 0
	2010-78-020 2
	2010-19-047 1
	2010-58-092 2
	2010-85-026 0
	2010-30-061 0
	2010-50-082 2
	2010-88-051 0
	2010-32-022 2
	2010-22-075 0
	2010-65-057 0
	2010-41-010 2
	2010-34-077 0
	2010-53-055 1
	2010-51-027 0
	2010-46-097 1
	2010-86-080 0
	2010-40-034
	2010-24-088 1
	2010-17-045
	2010-41-099 2
	2010-10-008 2
	2010-20-052 2
	2010-96-053 2
	2010-44-041 2
	2010-24-057 2
	2010-21-046 1
	2010-55-037 2
	2010-55-079 2
	2010-95-063 2
	2010-04-028 0
	2010-14-015 0
	2010-15-064 2
	2010-30-063 0
	2010-17-067 2
	2010-50-074 2
	2010-27-090 1
	2010-03-019 0
	2010-18-080 2
	2010-30-088 2
	2010-61-023 0
	2010-86-034 0
	2010-36-082 2
	2010-84-031 2
	2010-59-071 2
	2010-24-055 0
	2010-67-008 1
	2010-64-037 1
	2010-92-069 2
	2010-60-043 0
	2010-33-077 0
	2010-85-029 1
	2010-85-093 2
	2010-33-064 2
	2010-60-042 2
	2010-64-013 0
	2010-94-036 0
	2010-51-067 0
	2010-79-027 1
	2010-09-084
	2010-06-087 1
	2010-16-071 1
	2010-94-028
	2010-52-100 1
	2010-69-080 0
	2010-47-032 0
	2010-41-008
	2010-58-071 2
	2010-09-036
	2010-35-006
	2010-95-046 0
	2010-86-027
	2010-21-053 0
	2010-41-035 2
	2010-68-093
	2010-75-038 0
	2010-36-081 1
	2010-87-086
	2010-96-041 0
	2010-58-061
	2010-89-032
	2010-23-027 0
	2010-17-063
	2010-67-021
	2010-51-079 0
	2010-89-028
	2010-93-032 0
	2010-16-062 2
	2010-51-024
	2010-01-019 2
	2010-92-043
	2010-61-011 0
	2010-25-046
	2010-98-007 0
		Recall R@5	0,1000
		Precision P@5	1,0000
		F-valor 5	0,1818
		Recall R@10	0,1600
		Precision P@10	0,8000
		F-valor 10	0,2667
		ReciprocalRank rel 1	 1,0000
		ReciprocalRank rel 2	 0,5000
		AveragePrecision AP@100	0,5955
		nDCG	[0,5000, 0,7500, 0,6900, 0,7395, 0,7710, 0,6955, 0,6379, 0,6640, 0,6535, 0,6734, 0,6383, 0,6077, 0,6251, 0,5993, 0,6148, 0,5924, 0,5720, 0,5859, 0,5678, 0,5657, 0,5497, 0,5484, 0,5341, 0,5207, 0,5202, 0,5081, 0,5192, 0,5296, 0,5396, 0,5490, 0,5579, 0,5665, 0,5652, 0,5732, 0,5860, 0,5985, 0,5933, 0,5882, 0,6001, 0,5951, 0,6066, 0,6178, 0,6208, 0,6160, 0,6267, 0,6371, 0,6323, 0,6276, 0,6377, 0,6476, 0,6620, 0,6620, 0,6691, 0,6762, 0,6903, 0,6903, 0,6903, 0,6973, 0,7112, 0,7250, 0,7388, 0,7388, 0,7388, 0,7388, 0,7456, 0,7456, 0,7523, 0,7590, 0,7590, 0,7657, 0,7657, 0,7657, 0,7657, 0,7789, 0,7789, 0,7789, 0,7789, 0,7789, 0,7789, 0,7918, 0,7918, 0,7918, 0,7982, 0,7982, 0,7982, 0,7982, 0,7982, 0,7982, 0,7982, 0,7982, 0,7982, 0,7982, 0,7982, 0,8107, 0,8107, 0,8231, 0,8231, 0,8231, 0,8231, 0,8231]
