what laptop bags have airbag 
	2010-46-056 0
	2010-55-007 0
	2010-05-039 1
	2010-91-076 1
	2010-42-101 0
	2010-34-043 1
	2010-94-003 0
	2010-88-045 0
	2010-04-035 1
	2010-26-013 0
	2010-99-015 0
	2010-85-090 0
	2010-85-039 1
	2010-74-021 1
	2010-34-047 1
	2010-63-046 1
	2010-19-033 0
	2010-41-034 0
	2010-45-015 0
	2010-38-065 1
	2010-34-102 0
	2010-80-011 1
	2010-50-016 0
	2010-55-010 1
	2010-99-010 1
	2010-50-009 0
	2010-56-048 1
	2010-80-009 2
	2010-86-015 0
	2010-03-055 0
	2010-00-031 0
	2010-79-064 0
	2010-92-030 1
	2010-92-094
	2010-28-053 0
	2010-07-069 1
	2010-62-065 0
	2010-49-049 0
	2010-16-065 1
	2010-03-040 1
	2010-94-024 0
	2010-45-022 1
	2010-85-060 2
	2010-91-060 1
	2010-68-022 0
	2010-62-031
	2010-64-024 0
	2010-71-056 2
	2010-16-069 1
	2010-91-000 1
	2010-40-000 2
	2010-79-057 1
	2010-43-069 1
	2010-62-064 1
	2010-15-041 2
	2010-58-029 0
	2010-32-043
	2010-06-036 1
	2010-69-018 2
	2010-71-031 2
	2010-67-003 0
	2010-40-050 0
	2010-65-062 1
	2010-82-061 0
	2010-50-020 2
	2010-58-028 1
	2010-12-041
	2010-55-028
	2010-44-005
	2010-64-044
	2010-68-084
	2010-68-083 1
	2010-48-062
	2010-70-057
	2010-28-060
	2010-54-017 2
	2010-55-014
	2010-83-028
	2010-58-076
	2010-81-011
	2010-21-079 0
	2010-81-056 0
	2010-54-049
	2010-76-069 2
	2010-58-039
	2010-03-081
	2010-79-061 0
	2010-14-019 0
	2010-43-006 1
	2010-07-018
	2010-02-097 0
	2010-51-092
	2010-25-041
	2010-22-103
	2010-21-037
	2010-35-067 0
	2010-97-030
	2010-72-014
	2010-29-093
	2010-16-022 0
		Recall R@5	0,0444
		Precision P@5	0,4000
		F-valor 5	0,0800
		Recall R@10	0,0889
		Precision P@10	0,4000
		ReciprocalRank rel 1	 0,0196
		ReciprocalRank rel 2	 0,0196
		AveragePrecision AP@100	0,4258
		nDCG	[0,0000, 0,0000, 0,1199, 0,1806, 0,1588, 0,1922, 0,1763, 0,1636, 0,1850, 0,1744, 0,1698, 0,1655, 0,1854, 0,2038, 0,2210, 0,2371, 0,2324, 0,2279, 0,2238, 0,2375, 0,2334, 0,2462, 0,2422, 0,2540, 0,2654, 0,2614, 0,2721, 0,2964, 0,2923, 0,2884, 0,2846, 0,2810, 0,2900, 0,2864, 0,2830, 0,2914, 0,2881, 0,2848, 0,2928, 0,3005, 0,2973, 0,3047, 0,3223, 0,3293, 0,3260, 0,3260, 0,3260, 0,3458, 0,3556, 0,3654, 0,3849, 0,3946, 0,4043, 0,4139, 0,4330, 0,4330, 0,4330, 0,4425, 0,4613, 0,4800, 0,4800, 0,4800, 0,4892, 0,4892, 0,5076, 0,5168, 0,5168, 0,5168, 0,5168, 0,5168, 0,5168, 0,5257, 0,5257, 0,5257, 0,5257, 0,5434, 0,5434, 0,5434, 0,5434, 0,5434, 0,5434, 0,5434, 0,5434, 0,5607, 0,5607, 0,5607, 0,5607, 0,5607, 0,5693, 0,5693, 0,5693, 0,5693, 0,5693, 0,5693, 0,5693, 0,5693, 0,5693, 0,5693, 0,5693, 0,5693]
