what video game won spike s best driving game award in 2006 
	2010-62-005 1
	2010-62-041 1
	2010-84-069 0
	2010-03-016 0
	2010-09-039 1
	2010-51-097 1
	2010-87-111 1
	2010-95-035 1
	2010-33-091 2
	2010-64-035 1
	2010-07-087 1
	2010-72-019 2
	2010-49-081 1
	2010-80-067 1
	2010-12-008 1
	2010-52-067 1
	2010-44-063 1
	2010-28-007 0
	2010-09-036 1
	2010-51-014 1
	2010-68-093 2
	2010-35-006 1
	2010-87-099 2
	2010-86-080
	2010-58-030 2
	2010-56-088 1
	2010-52-006 1
	2010-40-010 2
	2010-65-077 1
	2010-33-068 1
	2010-10-094
	2010-59-080 1
	2010-72-027 1
	2010-43-005
	2010-83-027 0
	2010-04-017 0
	2010-79-093 0
	2010-92-043 1
	2010-96-020 2
	2010-01-059 1
	2010-00-048 1
	2010-45-098 1
	2010-51-032 2
	2010-93-023 1
	2010-82-105 1
	2010-59-048 1
	2010-56-079 1
	2010-84-032 1
	2010-25-087 1
	2010-37-057 2
	2010-55-046 1
	2010-78-052 1
	2010-37-016 1
	2010-96-058 1
	2010-71-111 1
	2010-10-067 1
	2010-11-043 2
	2010-18-029 1
	2010-13-057 1
	2010-46-033 1
	2010-18-055 1
	2010-53-054 0
	2010-80-093 1
	2010-86-073 2
	2010-45-070 1
	2010-34-003 1
	2010-42-018 1
	2010-96-017 1
	2010-98-022 1
	2010-44-001 1
	2010-12-085 1
	2010-01-076 0
	2010-92-008 0
	2010-23-051 1
	2010-76-088 1
	2010-45-007 1
	2010-90-086
	2010-42-103 2
	2010-28-082 2
	2010-49-084 0
	2010-91-057 0
	2010-83-085
	2010-25-046
	2010-92-058
	2010-64-013
	2010-48-043
	2010-07-093 2
	2010-29-056 1
	2010-95-002
	2010-96-052
	2010-53-080 1
	2010-68-043 1
	2010-58-061
	2010-95-077 1
	2010-02-029
	2010-98-061
	2010-00-064 1
	2010-43-007 0
	2010-86-075
	2010-32-079 1
		Recall R@5	0,0395
		Precision P@5	0,6000
		F-valor 5	0,0741
		Recall R@10	0,1053
		Precision P@10	0,8000
		ReciprocalRank rel 1	 0,5000
		ReciprocalRank rel 2	 0,0156
		AveragePrecision AP@100	1,1923
		nDCG	[0,5000, 0,5000, 0,3801, 0,3194, 0,3412, 0,3568, 0,3686, 0,3781, 0,4177, 0,4224, 0,4264, 0,4539, 0,4560, 0,4578, 0,4594, 0,4695, 0,4789, 0,4707, 0,4795, 0,4878, 0,5113, 0,5187, 0,5404, 0,5327, 0,5530, 0,5591, 0,5649, 0,5833, 0,5886, 0,5936, 0,5865, 0,5914, 0,5961, 0,5893, 0,5828, 0,5765, 0,5703, 0,5748, 0,5895, 0,5937, 0,5977, 0,6017, 0,6152, 0,6189, 0,6224, 0,6259, 0,6293, 0,6326, 0,6359, 0,6478, 0,6508, 0,6538, 0,6567, 0,6595, 0,6623, 0,6650, 0,6756, 0,6782, 0,6807, 0,6831, 0,6855, 0,6804, 0,6827, 0,6924, 0,6946, 0,6968, 0,6990, 0,7011, 0,7032, 0,7052, 0,7072, 0,7025, 0,6978, 0,6998, 0,7017, 0,7037, 0,7037, 0,7165, 0,7294, 0,7294, 0,7294, 0,7294, 0,7294, 0,7294, 0,7294, 0,7294, 0,7420, 0,7482, 0,7482, 0,7482, 0,7545, 0,7607, 0,7607, 0,7669, 0,7669, 0,7669, 0,7730, 0,7730, 0,7730, 0,7791]
