what year was windows xp released on  class twelvemonth yr along
	2010-19-087 2
	2010-86-006 2
	2010-98-009 2
	2010-25-028 2
	2010-06-068 2
	2010-00-010 2
	2010-26-069 1
	2010-42-090 1
	2010-29-026 1
	2010-66-014 2
	2010-84-007 1
	2010-20-013 0
	2010-94-028 2
	2010-79-051 1
	2010-91-007 0
	2010-82-056 1
	2010-07-095 1
	2010-51-096 1
	2010-69-050 1
	2010-06-043 1
	2010-68-079 2
	2010-63-050 1
	2010-76-019 1
	2010-90-036 2
	2010-57-003 1
	2010-38-030 1
	2010-12-030 1
	2010-43-077 1
	2010-52-008 1
	2010-18-019 1
	2010-25-059 1
	2010-51-024 1
	2010-65-021 1
	2010-73-023 1
	2010-72-021 1
	2010-48-076 1
	2010-13-026 1
	2010-72-007 1
	2010-85-062 1
	2010-79-037 2
	2010-92-022 1
	2010-04-076 1
	2010-01-068 1
	2010-60-055 0
	2010-21-076 1
	2010-11-063 1
	2010-29-035 1
	2010-96-072 1
	2010-86-027 2
	2010-55-094 2
	2010-37-018 2
	2010-03-003 1
	2010-17-063 1
	2010-50-055 1
	2010-60-004 1
	2010-16-106 1
	2010-70-003
	2010-49-020 0
	2010-33-051 1
	2010-23-061 2
	2010-41-065 1
	2010-27-016 1
	2010-25-006
	2010-55-070 1
	2010-72-083 1
	2010-15-083 1
	2010-02-014 2
	2010-10-061 1
	2010-40-062 1
	2010-29-070
	2010-69-003 1
	2010-27-036 1
	2010-81-012
	2010-31-014 2
	2010-27-074 1
	2010-83-077
	2010-19-081 1
	2010-72-023 1
	2010-25-057 1
	2010-47-011
	2010-83-071 1
	2010-40-078 2
	2010-34-030 1
	2010-80-104
	2010-50-084
	2010-75-042 1
	2010-94-088 0
	2010-51-067
	2010-36-033
	2010-42-071
	2010-33-074
	2010-80-061
	2010-89-032
	2010-58-027 2
	2010-36-000
	2010-92-057
	2010-76-031 1
	2010-64-085
	2010-44-041
	2010-04-059
		Recall R@5	0,0641
		Precision P@5	1,0000
		F-valor 5	0,1205
		Recall R@10	0,1282
		Precision P@10	1,0000
		ReciprocalRank rel 1	 0,0122
		ReciprocalRank rel 2	 0,0122
		AveragePrecision AP@100	1,7750
		nDCG	[1,0000, 1,0000, 1,0000, 1,0000, 1,0000, 1,0000, 0,9586, 0,9257, 0,8986, 0,9044, 0,8833, 0,8410, 0,8480, 0,8336, 0,8014, 0,7904, 0,7804, 0,7712, 0,7628, 0,7550, 0,7729, 0,7761, 0,7791, 0,7952, 0,7979, 0,8004, 0,8029, 0,8052, 0,8075, 0,8097, 0,8118, 0,8139, 0,8159, 0,8179, 0,8198, 0,8216, 0,8234, 0,8251, 0,8268, 0,8380, 0,8395, 0,8410, 0,8424, 0,8349, 0,8364, 0,8378, 0,8392, 0,8405, 0,8502, 0,8597, 0,8689, 0,8700, 0,8710, 0,8720, 0,8730, 0,8740, 0,8674, 0,8609, 0,8619, 0,8702, 0,8712, 0,8721, 0,8659, 0,8669, 0,8678, 0,8687, 0,8763, 0,8772, 0,8780, 0,8722, 0,8730, 0,8739, 0,8683, 0,8754, 0,8762, 0,8708, 0,8716, 0,8724, 0,8784, 0,8784, 0,8844, 0,8964, 0,9024, 0,9024, 0,9024, 0,9084, 0,9084, 0,9084, 0,9084, 0,9084, 0,9084, 0,9084, 0,9084, 0,9200, 0,9200, 0,9200, 0,9258, 0,9258, 0,9258, 0,9258]
