what attributes do the table and body tags have in xhtml 
	2010-03-031
	2010-33-088 -1
	2010-79-025 0
	2010-70-047 1
	2010-56-035 0
	2010-50-086 0
	2010-72-042 0
	2010-24-084 1
	2010-46-094 1
	2010-79-039 0
	2010-26-047 2
	2010-75-025
	2010-70-090 0
	2010-05-037 0
	2010-58-061 0
	2010-66-027 1
	2010-35-079 1
	2010-99-072 0
	2010-29-025 2
	2010-80-061 0
	2010-88-076 1
	2010-93-086 2
	2010-32-059 1
	2010-19-049 1
	2010-71-017 0
	2010-88-009 2
	2010-38-017 1
	2010-30-055 1
	2010-89-058 2
	2010-30-054 0
	2010-36-073 2
	2010-59-003 1
	2010-23-088 1
	2010-84-027 1
	2010-94-076 2
	2010-52-043 1
	2010-33-078 0
	2010-45-013 0
	2010-94-009 1
	2010-02-026 2
	2010-41-042 1
	2010-00-001 1
	2010-42-074 1
	2010-34-076 1
	2010-36-033 2
	2010-99-080 1
	2010-19-042 0
	2010-19-072 0
	2010-14-057 0
	2010-06-110 2
	2010-74-069 0
	2010-88-041 0
	2010-98-052 2
	2010-09-042 1
	2010-64-085 0
	2010-03-091 1
	2010-45-017 1
	2010-61-074 1
	2010-68-026 2
	2010-53-076 0
	2010-63-007 1
	2010-82-045 0
	2010-23-056 2
	2010-40-009 2
	2010-47-071 1
	2010-19-007 0
	2010-22-063 0
	2010-33-098 2
	2010-65-098 0
	2010-34-109 -1
	2010-51-008 0
	2010-30-092 0
	2010-18-051 0
	2010-56-028 1
	2010-55-033 0
	2010-37-025 0
	2010-75-056 0
	2010-56-039 0
	2010-53-058 0
	2010-90-045 0
	2010-94-064 0
	2010-93-031
	2010-92-018
	2010-13-060 1
	2010-50-040 0
	2010-72-071 2
	2010-64-015
	2010-42-037 0
	2010-70-003
	2010-97-076 0
	2010-18-032 2
	2010-00-049 2
	2010-77-028 0
	2010-53-005 0
	2010-78-013
	2010-55-012 1
	2010-16-067
	2010-10-041
	2010-62-000
	2010-52-070 2
		Recall R@5	0,0208
		Precision P@5	0,2000
		F-valor 5	0,0377
		Recall R@10	0,0625
		Precision P@10	0,3000
		F-valor 10	0,1034
		ReciprocalRank rel 1	 0,0175
		ReciprocalRank rel 2	 0,0909
		AveragePrecision AP@100	0,3615
		nDCG	[0,0000, -0,2500, -0,1900, -0,0798, -0,0702, -0,0633, -0,0581, -0,0180, 0,0150, 0,0142, 0,0656, 0,0624, 0,0597, 0,0572, 0,0550, 0,0712, 0,0860, 0,0831, 0,1116, 0,1099, 0,1229, 0,1495, 0,1612, 0,1724, 0,1702, 0,1935, 0,2035, 0,2132, 0,2344, 0,2316, 0,2518, 0,2601, 0,2682, 0,2760, 0,2942, 0,3015, 0,2984, 0,2954, 0,3023, 0,3187, 0,3252, 0,3315, 0,3376, 0,3436, 0,3584, 0,3640, 0,3609, 0,3578, 0,3578, 0,3747, 0,3747, 0,3747, 0,3914, 0,3997, 0,3997, 0,4079, 0,4161, 0,4242, 0,4405, 0,4405, 0,4485, 0,4485, 0,4645, 0,4804, 0,4883, 0,4883, 0,4883, 0,5040, 0,5040, 0,4962, 0,4962, 0,4962, 0,4962, 0,5039, 0,5039, 0,5039, 0,5039, 0,5039, 0,5039, 0,5039, 0,5039, 0,5039, 0,5039, 0,5114, 0,5114, 0,5262, 0,5262, 0,5262, 0,5262, 0,5262, 0,5409, 0,5555, 0,5555, 0,5555, 0,5555, 0,5628, 0,5628, 0,5628, 0,5628, 0,5772]
